2440132229653685513298064500533760222385175064103751177761
2703255172252902627073993329500515681572863754622749208569225
9608261201302300613666466620896202867094191750472185516765366
6971255418867101378248526922220311337418729141515949095806395083
2564182306533681462549621733021521734814005481620534730217639611
5265885017995494633083341299382265112248731221687529011632052
47633866875177627594248651978322331028983481152778682689939151
462093453183659024118428710648053720889553064207753397272266917
219114573045828673753717613081756897427128677903297256144529846
3148137408820165969801219565120267
19426031033039238216718837